# Caregiver Parameters
Daily_Working_Time     : 480
Max_Overtime           : 120
Max_Working_Time       : 2160
Max_Working_Days       : 4
Service_Caregiver_Num  : 4
Capacity               : 200
Speed                  : 1
continuity_benefit     : 15
Benefit_Rate(qua+2)    : 3
Unknown_Rate           : 0.0

# Caregiver-Customer Benefit Matrix
      6.00       INF       INF       INF       INF       INF
      9.00     12.00       INF       INF       INF       INF
     12.00     15.00     18.00       INF       INF       INF
     15.00     18.00     21.00     24.00       INF       INF
       INF       INF     24.00     27.00     30.00       INF
       INF       INF     27.00     30.00     33.00     36.00

# Caregiver Individual Info
ID	Qual_Level	Initial_Cost	Overtime_Cost
0	3	160.00	30.91
1	3	160.00	34.40
2	4	180.00	33.46
3	3	160.00	32.81
4	2	140.00	31.78
5	3	160.00	34.10
6	5	200.00	37.93
7	3	160.00	29.09

# Requests Info
ID	X	Y	Qual	Dur	Dem	E_hard	E_soft	L_soft	L_hard	Type
depot:	40.00	50.00
Day 0:
# Requirements num: 13 (Preorder: 13, Stochastic: 0)
1  	   25.00	   85.00	   3	 39	 25	   91.00	   98.75	  114.25	  122.00	PREORDER
2  	   22.00	   75.00	   1	 19	 15	  601.00	  608.75	  624.25	  632.00	PREORDER
4  	   20.00	   80.00	   3	 45	 25	  407.00	  419.00	  443.00	  455.00	PREORDER
5  	   20.00	   85.00	   0	 15	 10	  356.00	  365.00	  383.00	  392.00	PREORDER
6  	   18.00	   75.00	   1	 20	 15	  324.00	  336.50	  361.50	  374.00	PREORDER
8  	   15.00	   80.00	   4	 51	 30	  874.00	  887.25	  913.75	  927.00	PREORDER
9  	   10.00	   35.00	   4	 23	 30	  100.00	  114.75	  144.25	  159.00	PREORDER
10 	   10.00	   40.00	   1	 17	 15	  384.00	  396.25	  420.75	  433.00	PREORDER
11 	    8.00	   40.00	   1	 17	 15	   62.53	   76.53	  104.53	  118.53	PREORDER
12 	    8.00	   45.00	   3	 45	 25	  122.00	  129.75	  145.25	  153.00	PREORDER
17 	    0.00	   45.00	   4	 31	 30	  210.00	  221.50	  244.50	  256.00	PREORDER
19 	   42.00	   10.00	   1	 23	 15	  221.00	  230.25	  248.75	  258.00	PREORDER
20 	   42.00	   15.00	   2	 27	 20	   52.06	   66.31	   94.81	  109.06	PREORDER

Day 1:
# Requirements num: 13 (Preorder: 13, Stochastic: 0)
1  	   25.00	   85.00	   1	 23	 15	  202.00	  209.50	  224.50	  232.00	PREORDER
6  	   18.00	   75.00	   1	 23	 15	  223.00	  233.75	  255.25	  266.00	PREORDER
7  	   15.00	   75.00	   0	 15	 10	  100.00	  108.00	  124.00	  132.00	PREORDER
10 	   10.00	   40.00	   5	 25	 35	  858.00	  871.25	  897.75	  911.00	PREORDER
11 	    8.00	   40.00	   2	 31	 20	   60.53	   68.78	   85.28	   93.53	PREORDER
12 	    8.00	   45.00	   0	 15	 10	  376.00	  386.75	  408.25	  419.00	PREORDER
13 	    5.00	   35.00	   0	 15	 10	   49.00	   59.50	   80.50	   91.00	PREORDER
14 	    5.00	   45.00	   5	 35	 35	   56.35	   69.61	   96.11	  109.36	PREORDER
15 	    2.00	   40.00	   3	 15	 25	  380.00	  394.00	  422.00	  436.00	PREORDER
16 	    0.00	   40.00	   3	 39	 25	  168.00	  175.75	  191.25	  199.00	PREORDER
17 	    0.00	   45.00	   2	 15	 20	  329.00	  342.50	  369.50	  383.00	PREORDER
18 	   44.00	    5.00	   1	 23	 15	   56.18	   66.93	   88.43	   99.18	PREORDER
19 	   42.00	   10.00	   4	 55	 30	  677.00	  687.25	  707.75	  718.00	PREORDER

Day 2:
# Requirements num: 10 (Preorder: 10, Stochastic: 0)
1  	   25.00	   85.00	   2	 17	 20	  862.00	  869.50	  884.50	  892.00	PREORDER
3  	   22.00	   85.00	   5	 15	 35	  111.00	  124.75	  152.25	  166.00	PREORDER
5  	   20.00	   85.00	   4	 43	 30	  318.00	  329.75	  353.25	  365.00	PREORDER
6  	   18.00	   75.00	   3	 18	 25	  775.00	  782.75	  798.25	  806.00	PREORDER
10 	   10.00	   40.00	   0	 15	 10	  388.00	  398.00	  418.00	  428.00	PREORDER
11 	    8.00	   40.00	   2	 19	 20	  273.00	  286.50	  313.50	  327.00	PREORDER
12 	    8.00	   45.00	   2	 21	 20	  234.00	  242.25	  258.75	  267.00	PREORDER
17 	    0.00	   45.00	   3	 30	 25	  758.00	  765.50	  780.50	  788.00	PREORDER
19 	   42.00	   10.00	   3	 21	 25	  422.00	  435.50	  462.50	  476.00	PREORDER
20 	   42.00	   15.00	   3	 30	 25	  263.00	  271.00	  287.00	  295.00	PREORDER


# Solution Results
model status: OPTIMAL
objective:    1194.174264
solution info:
cg_id        route                                    obj          dis        fixed_cost   wage_cost    benefits   satisfaction continuity_benefit
Day 0:
2            [0, 20, 9, 17, 8, 21]                    178.330283   164.065    180.000      0.000        114.000    51.735       0.000             
3            [0, 1, 6, 5, 4, 2, 21]                   87.675000    101.675    160.000      0.000        99.000     75.000       0.000             
5            [0, 11, 12, 19, 10, 21]                  184.807000   162.807    160.000      0.000        78.000     60.000       0.000             

Day 1:
3            [0, 13, 7, 1, 6, 17, 12, 21]             119.033000   181.033    160.000      0.000        102.000    90.000       30.000            
4            [0, 18, 21]                              200.354000   90.354     140.000      0.000        15.000     15.000       0.000             
6            [0, 11, 14, 16, 15, 19, 10, 21]          102.670981   173.914    200.000      0.000        192.000    79.243       0.000             

Day 2:
3            [0, 20, 10, 19, 17, 21]                  212.511000   214.511    160.000      0.000        87.000     60.000       15.000            
6            [0, 3, 12, 11, 5, 6, 1, 21]              108.793000   193.793    200.000      0.000        180.000    90.000       15.000            


