# Caregiver Parameters
Daily_Working_Time     : 480
Max_Overtime           : 120
Max_Working_Time       : 2160
Max_Working_Days       : 4
Service_Caregiver_Num  : 4
Capacity               : 200
Speed                  : 1
continuity_benefit     : 15
Benefit_Rate(qua+2)    : 3
Unknown_Rate           : 0.0

# Caregiver-Customer Benefit Matrix
      6.00       INF       INF       INF       INF       INF
      9.00     12.00       INF       INF       INF       INF
     12.00     15.00     18.00       INF       INF       INF
     15.00     18.00     21.00     24.00       INF       INF
       INF       INF     24.00     27.00     30.00       INF
       INF       INF     27.00     30.00     33.00     36.00

# Caregiver Individual Info
ID	Qual_Level	Initial_Cost	Overtime_Cost
0	3	160.00	33.85
1	3	160.00	32.02
2	5	200.00	44.21
3	4	180.00	35.47
4	3	160.00	31.08
5	5	200.00	40.94
6	3	160.00	33.82
7	2	140.00	30.31

# Requests Info
ID	X	Y	Qual	Dur	Dem	E_hard	E_soft	L_soft	L_hard	Type
depot:	40.00	50.00
Day 0:
# Requirements num: 13 (Preorder: 13, Stochastic: 0)
1  	   45.00	   68.00	   5	 15	 35	  565.00	  577.50	  602.50	  615.00	PREORDER
2  	   45.00	   70.00	   3	 39	 25	  108.00	  118.50	  139.50	  150.00	PREORDER
3  	   42.00	   66.00	   2	 23	 20	  348.00	  361.75	  389.25	  403.00	PREORDER
4  	   42.00	   68.00	   3	 39	 25	   59.00	   72.75	  100.25	  114.00	PREORDER
5  	   42.00	   65.00	   1	 20	 15	  221.00	  234.75	  262.25	  276.00	PREORDER
6  	   40.00	   69.00	   4	 51	 30	  154.00	  161.50	  176.50	  184.00	PREORDER
7  	   40.00	   66.00	   5	 40	 35	  249.00	  259.50	  280.50	  291.00	PREORDER
9  	   38.00	   70.00	   1	 16	 15	  295.00	  306.50	  329.50	  341.00	PREORDER
10 	   35.00	   66.00	   3	 21	 25	  576.00	  590.25	  618.75	  633.00	PREORDER
11 	   35.00	   69.00	   2	 17	 20	  589.00	  596.75	  612.25	  620.00	PREORDER
16 	   20.00	   85.00	   0	 15	 10	  686.00	  696.50	  717.50	  728.00	PREORDER
17 	   18.00	   75.00	   5	 50	 35	   45.30	   53.80	   70.80	   79.30	PREORDER
20 	   30.00	   50.00	   4	 15	 30	  719.00	  731.00	  755.00	  767.00	PREORDER

Day 1:
# Requirements num: 13 (Preorder: 13, Stochastic: 0)
1  	   45.00	   68.00	   1	 16	 15	  759.00	  773.50	  802.50	  817.00	PREORDER
5  	   42.00	   65.00	   3	 15	 25	  348.00	  360.00	  384.00	  396.00	PREORDER
7  	   40.00	   66.00	   0	 15	 10	   48.00	   57.25	   75.75	   85.00	PREORDER
8  	   38.00	   68.00	   4	 47	 30	  297.00	  311.25	  339.75	  354.00	PREORDER
9  	   38.00	   70.00	   2	 25	 20	  804.00	  815.50	  838.50	  850.00	PREORDER
10 	   35.00	   66.00	   5	 40	 35	   21.76	   31.26	   50.26	   59.76	PREORDER
11 	   35.00	   69.00	   3	 27	 25	   71.00	   85.00	  113.00	  127.00	PREORDER
12 	   25.00	   85.00	   3	 27	 25	  237.00	  250.50	  277.50	  291.00	PREORDER
15 	   20.00	   80.00	   1	 16	 15	  801.00	  812.00	  834.00	  845.00	PREORDER
16 	   20.00	   85.00	   3	 15	 25	  281.00	  289.25	  305.75	  314.00	PREORDER
17 	   18.00	   75.00	   3	 27	 25	  280.00	  287.50	  302.50	  310.00	PREORDER
19 	   15.00	   80.00	   4	 31	 30	  337.00	  348.25	  370.75	  382.00	PREORDER
20 	   30.00	   50.00	   4	 23	 30	   81.00	   92.00	  114.00	  125.00	PREORDER

Day 2:
# Requirements num: 12 (Preorder: 12, Stochastic: 0)
2  	   45.00	   70.00	   2	 35	 20	  580.00	  587.50	  602.50	  610.00	PREORDER
3  	   42.00	   66.00	   2	 31	 20	  413.00	  423.25	  443.75	  454.00	PREORDER
4  	   42.00	   68.00	   1	 25	 15	   46.11	   58.86	   84.36	   97.11	PREORDER
6  	   40.00	   69.00	   2	 17	 20	  262.00	  276.50	  305.50	  320.00	PREORDER
8  	   38.00	   68.00	   4	 43	 30	   29.11	   39.86	   61.36	   72.11	PREORDER
9  	   38.00	   70.00	   4	 27	 30	  358.00	  371.75	  399.25	  413.00	PREORDER
12 	   25.00	   85.00	   2	 21	 20	   56.08	   64.08	   80.08	   88.08	PREORDER
13 	   22.00	   75.00	   1	 16	 15	  826.00	  835.50	  854.50	  864.00	PREORDER
14 	   22.00	   85.00	   1	 18	 15	  204.00	  215.75	  239.25	  251.00	PREORDER
16 	   20.00	   85.00	   5	 15	 35	  409.00	  420.00	  442.00	  453.00	PREORDER
18 	   15.00	   75.00	   1	 18	 15	  402.00	  414.50	  439.50	  452.00	PREORDER
20 	   30.00	   50.00	   5	 55	 35	  345.00	  353.50	  370.50	  379.00	PREORDER


# Solution Results
model status: OPTIMAL
objective:    395.165110
solution info:
cg_id        route                                    obj          dis        fixed_cost   wage_cost    benefits   satisfaction continuity_benefit
Day 0:
2            [0, 17, 6, 7, 3, 1, 20, 21]              7.143000     98.143     200.000      0.000        201.000    90.000       0.000             
4            [0, 4, 2, 5, 9, 11, 10, 16, 21]          15.631000    104.631    160.000      0.000        144.000    105.000      0.000             

Day 1:
2            [0, 10, 20, 8, 19, 9, 21]                86.495474    124.346    200.000      0.000        162.000    60.851       15.000            
4            [0, 7, 11, 12, 16, 17, 5, 1, 15, 21]     -3.404273    149.927    160.000      0.000        171.000    97.331       45.000            

Day 2:
2            [0, 8, 6, 9, 3, 21]                      4.365000     44.365     200.000      0.000        120.000    60.000       60.000            
4            [0, 4, 14, 18, 13, 21]                   107.373000   94.373     160.000      0.000        72.000     60.000       15.000            
5            [0, 12, 20, 16, 2, 21]                   177.561909   159.606    200.000      0.000        126.000    56.044       0.000             


