# Caregiver Parameters
Daily_Working_Time     : 480
Max_Overtime           : 120
Max_Working_Time       : 2160
Max_Working_Days       : 4
Service_Caregiver_Num  : 4
Capacity               : 200
Speed                  : 1
continuity_benefit     : 15
Benefit_Rate(qua+2)    : 3
Unknown_Rate           : 0.0

# Caregiver-Customer Benefit Matrix
      6.00       INF       INF       INF       INF       INF
      9.00     12.00       INF       INF       INF       INF
     12.00     15.00     18.00       INF       INF       INF
     15.00     18.00     21.00     24.00       INF       INF
       INF       INF     24.00     27.00     30.00       INF
       INF       INF     27.00     30.00     33.00     36.00

# Caregiver Individual Info
ID	Qual_Level	Initial_Cost	Overtime_Cost
0	4	180.00	36.23
1	5	200.00	39.63
2	3	160.00	33.35
3	3	160.00	33.60

# Requests Info
ID	X	Y	Qual	Dur	Dem	E_hard	E_soft	L_soft	L_hard	Type
depot:	35.00	35.00
Day 0:
# Requirements num: 10 (Preorder: 10, Stochastic: 0)
2  	   35.00	   17.00	   1	 20	 15	  383.00	  391.50	  408.50	  417.00	PREORDER
3  	   55.00	   45.00	   4	 15	 30	  197.00	  208.00	  230.00	  241.00	PREORDER
6  	   25.00	   30.00	   3	 33	 25	  339.00	  347.75	  365.25	  374.00	PREORDER
7  	   20.00	   50.00	   2	 31	 20	  408.00	  420.25	  444.75	  457.00	PREORDER
9  	   55.00	   60.00	   2	 17	 20	  106.00	  119.25	  145.75	  159.00	PREORDER
10 	   30.00	   60.00	   1	 22	 15	   66.00	   76.50	   97.50	  108.00	PREORDER
11 	   20.00	   65.00	   3	 45	 25	   79.00	   92.00	  118.00	  131.00	PREORDER
13 	   30.00	   25.00	   4	 39	 30	  252.00	  262.75	  284.25	  295.00	PREORDER
14 	   15.00	   10.00	   3	 27	 25	  258.00	  266.50	  283.50	  292.00	PREORDER
15 	   30.00	    5.00	   2	 25	 20	  222.00	  230.00	  246.00	  254.00	PREORDER

Day 1:
# Requirements num: 13 (Preorder: 13, Stochastic: 0)
1  	   41.00	   49.00	   0	 15	 10	  331.00	  344.75	  372.25	  386.00	PREORDER
2  	   35.00	   17.00	   5	 20	 35	  668.00	  675.50	  690.50	  698.00	PREORDER
3  	   55.00	   45.00	   2	 15	 20	  340.00	  353.50	  380.50	  394.00	PREORDER
4  	   55.00	   20.00	   0	 15	 10	  242.00	  254.25	  278.75	  291.00	PREORDER
5  	   15.00	   30.00	   4	 55	 30	   97.00	  111.25	  139.75	  154.00	PREORDER
6  	   25.00	   30.00	   0	 15	 10	  280.00	  294.75	  324.25	  339.00	PREORDER
7  	   20.00	   50.00	   5	 65	 35	  364.00	  378.75	  408.25	  423.00	PREORDER
8  	   10.00	   43.00	   1	 18	 15	   95.00	  107.50	  132.50	  145.00	PREORDER
9  	   55.00	   60.00	   2	 31	 20	  348.00	  362.75	  392.25	  407.00	PREORDER
10 	   30.00	   60.00	   0	 15	 10	  840.00	  850.50	  871.50	  882.00	PREORDER
11 	   20.00	   65.00	   4	 55	 30	   61.00	   72.50	   95.50	  107.00	PREORDER
12 	   50.00	   35.00	   1	 25	 15	  334.00	  347.75	  375.25	  389.00	PREORDER
15 	   30.00	    5.00	   5	 30	 35	  177.00	  187.25	  207.75	  218.00	PREORDER

Day 2:
# Requirements num: 10 (Preorder: 10, Stochastic: 0)
1  	   41.00	   49.00	   4	 39	 30	  179.00	  192.75	  220.25	  234.00	PREORDER
2  	   35.00	   17.00	   3	 18	 25	  571.00	  579.50	  596.50	  605.00	PREORDER
3  	   55.00	   45.00	   1	 24	 15	  367.00	  381.50	  410.50	  425.00	PREORDER
4  	   55.00	   20.00	   3	 36	 25	  195.00	  206.25	  228.75	  240.00	PREORDER
5  	   15.00	   30.00	   3	 21	 25	  219.00	  233.00	  261.00	  275.00	PREORDER
7  	   20.00	   50.00	   1	 23	 15	  254.00	  261.75	  277.25	  285.00	PREORDER
8  	   10.00	   43.00	   5	 65	 35	  139.00	  146.75	  162.25	  170.00	PREORDER
12 	   50.00	   35.00	   2	 31	 20	  715.00	  727.00	  751.00	  763.00	PREORDER
13 	   30.00	   25.00	   0	 15	 10	  791.00	  805.75	  835.25	  850.00	PREORDER
14 	   15.00	   10.00	   2	 31	 20	  144.00	  155.25	  177.75	  189.00	PREORDER


# Solution Results
model status: OPTIMAL
objective:    1135.235424
solution info:
cg_id        route                                    obj          dis        fixed_cost   wage_cost    benefits   satisfaction continuity_benefit
Day 0:
0            [0, 9, 3, 13, 6, 7, 16]                  97.932000    127.932    180.000      0.000        135.000    75.000       0.000             
2            [0, 10, 11, 15, 14, 2, 16]               132.504000   152.504    160.000      0.000        105.000    75.000       0.000             

Day 1:
0            [0, 11, 3, 9, 16]                        147.868000   120.868    180.000      0.000        78.000     45.000       30.000            
1            [0, 5, 15, 7, 2, 16]                     149.118000   150.118    200.000      0.000        141.000    60.000       0.000             
2            [0, 8, 4, 6, 1, 12, 10, 16]              167.648909   207.402    160.000      0.000        96.000     88.753       15.000            

Day 2:
0            [0, 14, 1, 16]                           204.162182   94.120     180.000      0.000        54.000     15.958       0.000             
1            [0, 8, 5, 2, 16]                         111.031000   82.031     200.000      0.000        96.000     45.000       30.000            
2            [0, 4, 7, 3, 12, 13, 16]                 124.971333   151.174    160.000      0.000        96.000     60.203       30.000            


