# Caregiver Parameters
Daily_Working_Time     : 480
Max_Overtime           : 120
Max_Working_Time       : 2160
Max_Working_Days       : 4
Service_Caregiver_Num  : 4
Capacity               : 200
Speed                  : 1
continuity_benefit     : 15
Benefit_Rate(qua+2)    : 3
Unknown_Rate           : 0.0

# Caregiver-Customer Benefit Matrix
      6.00       INF       INF       INF       INF       INF
      9.00     12.00       INF       INF       INF       INF
     12.00     15.00     18.00       INF       INF       INF
     15.00     18.00     21.00     24.00       INF       INF
       INF       INF     24.00     27.00     30.00       INF
       INF       INF     27.00     30.00     33.00     36.00

# Caregiver Individual Info
ID	Qual_Level	Initial_Cost	Overtime_Cost
0	3	160.00	31.77
1	4	180.00	34.76
2	3	160.00	33.96
3	3	160.00	29.29
4	2	140.00	30.77
5	3	160.00	29.02
6	5	200.00	44.39
7	5	200.00	42.60

# Requests Info
ID	X	Y	Qual	Dur	Dem	E_hard	E_soft	L_soft	L_hard	Type
depot:	35.00	35.00
Day 0:
# Requirements num: 12 (Preorder: 12, Stochastic: 0)
1  	   41.00	   49.00	   2	 23	 20	   36.00	   48.00	   72.00	   84.00	PREORDER
2  	   35.00	   17.00	   5	 55	 35	  350.00	  359.50	  378.50	  388.00	PREORDER
3  	   55.00	   45.00	   1	 23	 15	  308.00	  315.50	  330.50	  338.00	PREORDER
6  	   25.00	   30.00	   0	 15	 10	   63.00	   75.25	   99.75	  112.00	PREORDER
9  	   55.00	   60.00	   3	 39	 25	   41.00	   48.75	   64.25	   72.00	PREORDER
10 	   30.00	   60.00	   2	 23	 20	  295.00	  303.50	  320.50	  329.00	PREORDER
11 	   20.00	   65.00	   3	 21	 25	  650.00	  657.75	  673.25	  681.00	PREORDER
15 	   30.00	    5.00	   1	 18	 15	  342.00	  354.25	  378.75	  391.00	PREORDER
16 	   10.00	   20.00	   5	 20	 35	  140.00	  149.75	  169.25	  179.00	PREORDER
17 	    5.00	   30.00	   2	 31	 20	  220.00	  233.25	  259.75	  273.00	PREORDER
18 	   20.00	   40.00	   1	 18	 15	  246.00	  258.75	  284.25	  297.00	PREORDER
20 	   45.00	   65.00	   0	 15	 10	  577.00	  589.00	  613.00	  625.00	PREORDER

Day 1:
# Requirements num: 10 (Preorder: 10, Stochastic: 0)
1  	   41.00	   49.00	   2	 15	 20	  239.00	  248.00	  266.00	  275.00	PREORDER
2  	   35.00	   17.00	   3	 39	 25	  155.00	  164.50	  183.50	  193.00	PREORDER
5  	   15.00	   30.00	   2	 25	 20	  328.00	  335.50	  350.50	  358.00	PREORDER
6  	   25.00	   30.00	   3	 18	 25	  317.00	  330.25	  356.75	  370.00	PREORDER
8  	   10.00	   43.00	   2	 15	 20	  194.00	  202.50	  219.50	  228.00	PREORDER
13 	   30.00	   25.00	   2	 25	 20	  263.00	  277.00	  305.00	  319.00	PREORDER
15 	   30.00	    5.00	   2	 21	 20	  554.00	  564.75	  586.25	  597.00	PREORDER
17 	    5.00	   30.00	   4	 19	 30	  211.00	  221.75	  243.25	  254.00	PREORDER
18 	   20.00	   40.00	   0	 15	 10	  549.00	  557.00	  573.00	  581.00	PREORDER
20 	   45.00	   65.00	   2	 35	 20	  358.00	  372.50	  401.50	  416.00	PREORDER

Day 2:
# Requirements num: 10 (Preorder: 10, Stochastic: 0)
4  	   55.00	   20.00	   2	 33	 20	  404.00	  418.00	  446.00	  460.00	PREORDER
6  	   25.00	   30.00	   1	 15	 15	  341.00	  355.50	  384.50	  399.00	PREORDER
7  	   20.00	   50.00	   5	 60	 35	  448.00	  459.25	  481.75	  493.00	PREORDER
8  	   10.00	   43.00	   2	 19	 20	  225.00	  237.25	  261.75	  274.00	PREORDER
11 	   20.00	   65.00	   4	 39	 30	  337.00	  349.25	  373.75	  386.00	PREORDER
12 	   50.00	   35.00	   2	 27	 20	  261.00	  269.00	  285.00	  293.00	PREORDER
14 	   15.00	   10.00	   4	 47	 30	  162.00	  170.75	  188.25	  197.00	PREORDER
15 	   30.00	    5.00	   1	 24	 15	  123.00	  131.75	  149.25	  158.00	PREORDER
18 	   20.00	   40.00	   5	 30	 35	   26.00	   33.75	   49.25	   57.00	PREORDER
19 	   15.00	   60.00	   4	 47	 30	  176.00	  188.00	  212.00	  224.00	PREORDER


# Solution Results
model status: OPTIMAL
objective:    908.138054
solution info:
cg_id        route                                    obj          dis        fixed_cost   wage_cost    benefits   satisfaction continuity_benefit
Day 0:
3            [0, 1, 6, 18, 3, 15, 20, 11, 21]         188.637469   254.164    160.000      0.000        129.000    96.527       0.000             
7            [0, 9, 16, 17, 10, 2, 21]                172.745000   203.745    200.000      0.000        156.000    75.000       0.000             

Day 1:
3            [0, 2, 1, 20, 18, 21]                    92.216000    118.216    160.000      0.000        81.000     60.000       45.000            
7            [0, 8, 17, 13, 6, 5, 15, 21]             75.085585    142.312    200.000      0.000        171.000    81.226       15.000            

Day 2:
1            [0, 14, 12, 4, 21]                       172.839000   115.839    180.000      0.000        78.000     45.000       0.000             
4            [0, 15, 6, 21]                           147.089000   67.089     140.000      0.000        30.000     30.000       0.000             
7            [0, 18, 19, 8, 11, 7, 21]                59.526000    114.526    200.000      0.000        165.000    75.000       15.000            


