# Caregiver Parameters
Daily_Working_Time     : 480
Max_Overtime           : 120
Max_Working_Time       : 2160
Max_Working_Days       : 4
Service_Caregiver_Num  : 4
Capacity               : 200
Speed                  : 1
continuity_benefit     : 15
Benefit_Rate(qua+2)    : 3
Unknown_Rate           : 0.0

# Caregiver-Customer Benefit Matrix
      6.00       INF       INF       INF       INF       INF
      9.00     12.00       INF       INF       INF       INF
     12.00     15.00     18.00       INF       INF       INF
     15.00     18.00     21.00     24.00       INF       INF
       INF       INF     24.00     27.00     30.00       INF
       INF       INF     27.00     30.00     33.00     36.00

# Caregiver Individual Info
ID	Qual_Level	Initial_Cost	Overtime_Cost
0	5	200.00	44.52
1	3	160.00	29.64
2	4	180.00	36.66
3	3	160.00	31.87
4	3	160.00	33.95

# Requests Info
ID	X	Y	Qual	Dur	Dem	E_hard	E_soft	L_soft	L_hard	Type
depot:	40.00	50.00
Day 0:
# Requirements num: 11 (Preorder: 11, Stochastic: 0)
2  	   22.00	   75.00	   3	 15	 25	  357.00	  370.75	  398.25	  412.00	PREORDER
3  	   22.00	   85.00	   5	 30	 35	  310.00	  320.50	  341.50	  352.00	PREORDER
4  	   20.00	   80.00	   4	 47	 30	   48.06	   61.06	   87.06	  100.06	PREORDER
5  	   20.00	   85.00	   4	 35	 30	  641.00	  655.75	  685.25	  700.00	PREORDER
6  	   18.00	   75.00	   1	 18	 15	  213.00	  224.00	  246.00	  257.00	PREORDER
7  	   15.00	   75.00	   2	 31	 20	  231.00	  243.00	  267.00	  279.00	PREORDER
8  	   15.00	   80.00	   3	 45	 25	  858.00	  867.25	  885.75	  895.00	PREORDER
9  	   10.00	   35.00	   2	 29	 20	  146.00	  157.75	  181.25	  193.00	PREORDER
11 	    8.00	   40.00	   4	 39	 30	  228.00	  236.00	  252.00	  260.00	PREORDER
13 	    5.00	   35.00	   1	 17	 15	  312.00	  325.00	  351.00	  364.00	PREORDER
18 	   44.00	    5.00	   2	 17	 20	  209.00	  217.50	  234.50	  243.00	PREORDER

Day 1:
# Requirements num: 17 (Preorder: 17, Stochastic: 0)
1  	   25.00	   85.00	   3	 15	 25	   59.08	   67.58	   84.58	   93.08	PREORDER
3  	   22.00	   85.00	   4	 55	 30	  112.00	  125.75	  153.25	  167.00	PREORDER
4  	   20.00	   80.00	   4	 47	 30	   84.00	   94.75	  116.25	  127.00	PREORDER
5  	   20.00	   85.00	   5	 40	 35	  269.00	  282.25	  308.75	  322.00	PREORDER
7  	   15.00	   75.00	   1	 21	 15	   77.00	   85.25	  101.75	  110.00	PREORDER
9  	   10.00	   35.00	   1	 16	 15	  861.00	  872.25	  894.75	  906.00	PREORDER
10 	   10.00	   40.00	   2	 29	 20	  391.00	  404.50	  431.50	  445.00	PREORDER
11 	    8.00	   40.00	   2	 15	 20	  322.00	  333.25	  355.75	  367.00	PREORDER
12 	    8.00	   45.00	   3	 15	 25	  848.00	  857.50	  876.50	  886.00	PREORDER
13 	    5.00	   35.00	   2	 35	 20	   55.00	   66.75	   90.25	  102.00	PREORDER
14 	    5.00	   45.00	   2	 21	 20	  266.00	  273.50	  288.50	  296.00	PREORDER
15 	    2.00	   40.00	   2	 31	 20	  103.00	  115.75	  141.25	  154.00	PREORDER
16 	    0.00	   40.00	   4	 31	 30	  750.00	  757.75	  773.25	  781.00	PREORDER
17 	    0.00	   45.00	   4	 35	 30	  242.00	  253.00	  275.00	  286.00	PREORDER
18 	   44.00	    5.00	   2	 31	 20	  233.00	  242.75	  262.25	  272.00	PREORDER
19 	   42.00	   10.00	   3	 15	 25	   51.05	   59.80	   77.30	   86.05	PREORDER
20 	   42.00	   15.00	   0	 15	 10	  320.00	  328.50	  345.50	  354.00	PREORDER


# Solution Results
model status: OPTIMAL
objective:    804.395000
solution info:
cg_id        route                                    obj          dis        fixed_cost   wage_cost    benefits   satisfaction continuity_benefit
Day 0:
0            [0, 4, 9, 11, 3, 5, 21]                  139.977000   176.977    200.000      0.000        162.000    75.000       0.000             
1            [0, 18, 13, 21]                          223.460000   132.460    160.000      0.000        39.000     30.000       0.000             
3            [0, 6, 7, 2, 8, 21]                      103.955000   90.955     160.000      0.000        87.000     60.000       0.000             

Day 1:
0            [0, 1, 4, 3, 5, 21]                      55.846000    92.846     200.000      0.000        132.000    60.000       45.000            
1            [0, 19, 18, 20, 21]                      130.690000   90.690     160.000      0.000        60.000     45.000       15.000            
2            [0, 13, 15, 17, 16, 12, 21]              66.117000    96.117     180.000      0.000        135.000    75.000       0.000             
3            [0, 7, 14, 11, 10, 9, 21]                84.350000    113.350    160.000      0.000        99.000     75.000       15.000            


