# Caregiver Parameters
Daily_Working_Time     : 480
Max_Overtime           : 120
Max_Working_Time       : 2160
Max_Working_Days       : 4
Service_Caregiver_Num  : 4
Capacity               : 200
Speed                  : 1
continuity_benefit     : 15
Benefit_Rate(qua+2)    : 3
Unknown_Rate           : 0.0

# Caregiver-Customer Benefit Matrix
      6.00       INF       INF       INF       INF       INF
      9.00     12.00       INF       INF       INF       INF
     12.00     15.00     18.00       INF       INF       INF
     15.00     18.00     21.00     24.00       INF       INF
       INF       INF     24.00     27.00     30.00       INF
       INF       INF     27.00     30.00     33.00     36.00

# Caregiver Individual Info
ID	Qual_Level	Initial_Cost	Overtime_Cost
0	5	200.00	38.64
1	3	160.00	33.04
2	3	160.00	32.92
3	4	180.00	35.98
4	3	160.00	30.32

# Requests Info
ID	X	Y	Qual	Dur	Dem	E_hard	E_soft	L_soft	L_hard	Type
depot:	40.00	50.00
Day 0:
# Requirements num: 15 (Preorder: 15, Stochastic: 0)
1  	   45.00	   68.00	   1	 22	 15	  314.00	  327.25	  353.75	  367.00	PREORDER
2  	   45.00	   70.00	   4	 35	 30	  157.00	  170.00	  196.00	  209.00	PREORDER
3  	   42.00	   66.00	   3	 33	 25	  198.00	  210.75	  236.25	  249.00	PREORDER
4  	   42.00	   68.00	   2	 15	 20	  535.00	  545.50	  566.50	  577.00	PREORDER
5  	   42.00	   65.00	   3	 15	 25	  310.00	  324.00	  352.00	  366.00	PREORDER
7  	   40.00	   66.00	   2	 29	 20	  213.00	  224.50	  247.50	  259.00	PREORDER
9  	   38.00	   70.00	   3	 21	 25	  145.00	  153.75	  171.25	  180.00	PREORDER
10 	   35.00	   66.00	   0	 15	 10	  341.00	  349.00	  365.00	  373.00	PREORDER
13 	   22.00	   75.00	   2	 25	 20	  203.00	  216.25	  242.75	  256.00	PREORDER
14 	   22.00	   85.00	   0	 15	 10	   59.36	   69.61	   90.11	  100.36	PREORDER
15 	   20.00	   80.00	   0	 15	 10	  102.00	  111.00	  129.00	  138.00	PREORDER
17 	   18.00	   75.00	   5	 60	 35	  696.00	  708.75	  734.25	  747.00	PREORDER
18 	   15.00	   75.00	   5	 50	 35	  731.00	  740.75	  760.25	  770.00	PREORDER
19 	   15.00	   80.00	   2	 17	 20	  707.00	  719.50	  744.50	  757.00	PREORDER
20 	   30.00	   50.00	   2	 21	 20	  313.00	  323.00	  343.00	  353.00	PREORDER

Day 1:
# Requirements num: 16 (Preorder: 16, Stochastic: 0)
1  	   45.00	   68.00	   3	 33	 25	   37.00	   48.50	   71.50	   83.00	PREORDER
2  	   45.00	   70.00	   2	 29	 20	  327.00	  336.25	  354.75	  364.00	PREORDER
3  	   42.00	   66.00	   2	 27	 20	  343.00	  354.50	  377.50	  389.00	PREORDER
4  	   42.00	   68.00	   3	 27	 25	  337.00	  348.50	  371.50	  383.00	PREORDER
5  	   42.00	   65.00	   1	 24	 15	  483.00	  492.00	  510.00	  519.00	PREORDER
6  	   40.00	   69.00	   4	 43	 30	  282.00	  294.75	  320.25	  333.00	PREORDER
7  	   40.00	   66.00	   5	 30	 35	  377.00	  390.00	  416.00	  429.00	PREORDER
8  	   38.00	   68.00	   1	 16	 15	  133.00	  143.50	  164.50	  175.00	PREORDER
11 	   35.00	   69.00	   5	 30	 35	  565.00	  574.25	  592.75	  602.00	PREORDER
12 	   25.00	   85.00	   2	 35	 20	  210.00	  217.75	  233.25	  241.00	PREORDER
13 	   22.00	   75.00	   4	 27	 30	  540.00	  549.75	  569.25	  579.00	PREORDER
16 	   20.00	   85.00	   2	 17	 20	   52.31	   61.56	   80.06	   89.31	PREORDER
17 	   18.00	   75.00	   2	 21	 20	  716.00	  728.50	  753.50	  766.00	PREORDER
18 	   15.00	   75.00	   5	 60	 35	  167.00	  179.25	  203.75	  216.00	PREORDER
19 	   15.00	   80.00	   2	 27	 20	  594.00	  607.00	  633.00	  646.00	PREORDER
20 	   30.00	   50.00	   4	 55	 30	  254.00	  261.75	  277.25	  285.00	PREORDER


# Solution Results
model status: OPTIMAL
objective:    189.034197
solution info:
cg_id        route                                    obj          dis        fixed_cost   wage_cost    benefits   satisfaction continuity_benefit
Day 0:
0            [0, 2, 13, 20, 17, 18, 21]               116.017412   136.488    200.000      0.000        159.000    61.471       0.000             
2            [0, 14, 15, 9, 3, 7, 5, 1, 10, 4, 19, 21] -11.268214   165.545    160.000      0.000        198.000    138.813      0.000             

Day 1:
0            [0, 18, 20, 7, 11, 21]                   77.856000    108.856    200.000      0.000        141.000    60.000       30.000            
2            [0, 1, 8, 4, 3, 5, 21]                   -32.185000   47.815     160.000      0.000        105.000    75.000       60.000            
3            [0, 16, 12, 6, 2, 13, 19, 17, 21]        38.614000    143.614    180.000      0.000        180.000    105.000      0.000             


